1403636584513555456.000000 -2.560063601 2.063241005 1.167242050 -0.593824327 -0.593534231 -0.385779440 0.382444948
1403636586563555584.000000 -2.554837465 1.982311368 1.142659187 -0.671662390 -0.619075716 -0.283405215 0.292055637
1403636587963555584.000000 -2.292382240 2.042829990 1.148982882 -0.681195199 -0.601574242 -0.292455703 0.297575742
1403636588113555456.000000 -2.248380661 2.044840097 1.141634345 -0.690908313 -0.599227726 -0.287920475 0.284031123
1403636588713555456.000000 -2.253982782 2.037307501 1.137851000 -0.688807726 -0.598808587 -0.287652165 0.290221572
1403636588813555456.000000 -2.282307386 2.032092094 1.138652921 -0.686805665 -0.602834046 -0.283879071 0.290347874
1403636589863555584.000000 -2.750219107 1.979537129 1.152987361 -0.652052581 -0.635894060 -0.267164946 0.314784408
1403636590063555584.000000 -2.812698603 1.972799182 1.145915866 -0.645032585 -0.643430412 -0.256419361 0.322768420
1403636590163555584.000000 -2.830015659 1.970849037 1.146747708 -0.640415847 -0.643614471 -0.257506937 0.330633134
1403636590263555584.000000 -2.834281206 1.969040751 1.148731232 -0.638137996 -0.644122958 -0.259188592 0.332726330
1403636590463555584.000000 -2.804874659 1.964640260 1.153399706 -0.641565502 -0.642758369 -0.264344513 0.324619025
1403636590563555584.000000 -2.774065256 1.963011742 1.157187819 -0.642947197 -0.640082598 -0.270982921 0.321685225
1403636590663555584.000000 -2.736577988 1.962487459 1.160351992 -0.644871175 -0.636917114 -0.276253104 0.319627881
1403636590863555584.000000 -2.649642229 1.966267228 1.159156561 -0.653994441 -0.632387698 -0.273713261 0.312182963
1403636591513555456.000000 -2.400696993 1.999418139 1.132655382 -0.668127954 -0.622183263 -0.272414714 0.303781807
1403636593813555456.000000 -2.683905125 1.948828816 1.093140841 -0.635239184 -0.649425209 -0.228871644 0.349765599
1403636593913555456.000000 -2.640174627 1.914425015 1.090637565 -0.658738494 -0.623798311 -0.248570248 0.339340717
1403636594213555456.000000 -2.475187302 1.879774928 1.092492104 -0.715850353 -0.550995111 -0.306808025 0.299719185
1403636594563555584.000000 -2.293358088 2.006959677 1.087592006 -0.722337663 -0.530212045 -0.343884528 0.280797124
1403636594663555584.000000 -2.271289110 2.057161331 1.086529136 -0.719471931 -0.527804494 -0.347424060 0.288234591
1403636594763555584.000000 -2.275072575 2.103789330 1.084688425 -0.713247955 -0.532589495 -0.346339852 0.296098977
1403636596063555584.000000 -2.443569183 1.946525693 1.043302417 -0.656467199 -0.615802407 -0.300082713 0.315893382
1403636596163555584.000000 -2.420701027 1.911425352 1.042136312 -0.671769917 -0.601928651 -0.305914730 0.304669350
1403636596263555584.000000 -2.426191330 1.876539350 1.046597958 -0.678934276 -0.593236208 -0.308285147 0.303445697
1403636596413555456.000000 -2.472429752 1.819897294 1.064302206 -0.679849327 -0.587752879 -0.313279092 0.306932807
1403636596513555456.000000 -2.511162996 1.781609654 1.077123642 -0.674400091 -0.589960814 -0.318006843 0.309842557
1403636596613555456.000000 -2.545774460 1.751487851 1.086777925 -0.670193970 -0.593171716 -0.320531249 0.310237378
1403636596713555456.000000 -2.571080923 1.733926415 1.091359138 -0.669649780 -0.595546424 -0.318654150 0.308793366
1403636596963555584.000000 -2.574410439 1.777774811 1.087453485 -0.659570515 -0.600811303 -0.329867721 0.308512270
1403636597063555584.000000 -2.559824944 1.828739643 1.082783341 -0.661636233 -0.603759468 -0.326144159 0.302228481
1403636597163555584.000000 -2.542899132 1.890530705 1.078620195 -0.661386967 -0.611236870 -0.315391600 0.299140394
1403636598463555584.000000 -2.580562592 1.982208371 1.031457543 -0.582869709 -0.695707798 -0.264287114 0.326199174
1403636598563555584.000000 -2.569258451 1.999646902 1.017451525 -0.579210699 -0.694228113 -0.268629104 0.332266092
1403636598663555584.000000 -2.559370518 2.030721903 1.004467368 -0.571264446 -0.691806257 -0.273110509 0.347090304
1403636598763555584.000000 -2.551627159 2.066133261 0.988017440 -0.559531093 -0.688825011 -0.277591616 0.367951035
1403636598863555584.000000 -2.544785261 2.099337101 0.966980696 -0.549148321 -0.682350516 -0.284906149 0.389438510
1403636598963555584.000000 -2.538201809 2.128160715 0.943234205 -0.542712152 -0.674811184 -0.295425564 0.403506130
1403636599163555584.000000 -2.531157970 2.166619062 0.906472802 -0.527920067 -0.660086691 -0.308039665 0.436689347
1403636600113555456.000000 -2.519076347 2.209551573 0.854193687 -0.517291009 -0.608031631 -0.357875347 0.484389067
1403636602813555456.000000 -2.519238234 2.209085703 0.854021728 -0.517845511 -0.607116818 -0.356894732 0.485665977
1403636605313555456.000000 -2.519232750 2.209024429 0.854030728 -0.517871797 -0.607071459 -0.356880248 0.485705197
1403636607813555456.000000 -2.519278526 2.209145308 0.853961408 -0.517939866 -0.607062578 -0.356925547 0.485610485
1403636610313555456.000000 -2.519272566 2.209099054 0.854001105 -0.518071711 -0.606954455 -0.356819719 0.485682815
1403636612863555584.000000 -2.518647671 2.209266424 0.853751540 -0.517668605 -0.607185364 -0.357066333 0.485642761
1403636615363555584.000000 -2.518654108 2.209174633 0.853731990 -0.517821491 -0.606889129 -0.356963933 0.485925198
1403636617863555584.000000 -2.518686533 2.209155560 0.853711963 -0.517924786 -0.606826544 -0.356926173 0.485920966
1403636620463555584.000000 -2.518633842 2.209144831 0.853652060 -0.517971635 -0.606705844 -0.356981188 0.485981435
1403636623063555584.000000 -2.518396139 2.209226131 0.853811204 -0.518095195 -0.606405556 -0.357161433 0.486092091
1403636624813555456.000000 -2.474972486 2.183306217 0.853730202 -0.525737166 -0.620591521 -0.363973767 0.453860998
1403636624913555456.000000 -2.458910227 2.171923637 0.859076083 -0.522804856 -0.631640494 -0.367180347 0.439185619
1403636625013555456.000000 -2.443640471 2.158374071 0.873504579 -0.521447539 -0.642322004 -0.367817611 0.424529463
1403636625113555456.000000 -2.432480574 2.145867109 0.895046830 -0.524013877 -0.648584068 -0.362912983 0.415983677
1403636625213555456.000000 -2.426773310 2.137017965 0.923138678 -0.528032959 -0.645892024 -0.356571645 0.420548946
1403636625313555456.000000 -2.424307585 2.132867813 0.949663103 -0.527603388 -0.640565515 -0.356392205 0.429296106
1403636625413555456.000000 -2.423609734 2.131664753 0.957038820 -0.527378500 -0.640018523 -0.354922920 0.431599379
1403636625513555456.000000 -2.423751116 2.133646250 0.950161517 -0.528656185 -0.642442703 -0.351739287 0.429033220
1403636627513555456.000000 -2.369544268 2.211477757 1.234742284 -0.513512671 -0.633265436 -0.356173307 0.456530690
1403636627613555456.000000 -2.357264280 2.204160452 1.251597166 -0.520069003 -0.629745066 -0.357815057 0.452678382
1403636627713555456.000000 -2.343967438 2.195356607 1.251110315 -0.528217077 -0.628986180 -0.357755989 0.444267750
1403636628813555456.000000 -2.183378935 2.284943819 1.331129432 -0.560258806 -0.596646726 -0.378852457 0.431964815
1403636629313555456.000000 -2.045613050 2.345819950 1.364349365 -0.585647404 -0.581956387 -0.393161833 0.404682189
1403636629763555584.000000 -1.897868872 2.433140516 1.322255373 -0.629474163 -0.541043639 -0.409426153 0.378687531
1403636629863555584.000000 -1.856102943 2.458209991 1.299314618 -0.643280983 -0.529765606 -0.415878117 0.364119947
1403636630663555584.000000 -1.513576150 2.731213808 1.313555956 -0.654868722 -0.497905940 -0.454570413 0.341470987
1403636631863555584.000000 -1.085062265 3.212346077 1.245259166 -0.644676566 -0.506944180 -0.450561196 0.352695942
1403636634063555584.000000 -0.665986419 4.321579933 1.078582764 -0.604834259 -0.563948333 -0.388247073 0.406696439
1403636634463555584.000000 -0.549590886 4.617518902 1.105291605 -0.588724792 -0.570793152 -0.405146390 0.404295474
1403636634563555584.000000 -0.518200040 4.693943501 1.105813146 -0.584210575 -0.570671856 -0.408958465 0.407166511
1403636634863555584.000000 -0.435314834 4.909602642 1.091516972 -0.571809292 -0.586306453 -0.400662541 0.410790086
1403636635463555584.000000 -0.311130375 5.325559616 1.095437765 -0.569093049 -0.600831747 -0.377158523 0.415795356
1403636635563555584.000000 -0.293148577 5.400456905 1.101711392 -0.571109295 -0.599455416 -0.374491632 0.417424709
1403636635663555584.000000 -0.273103952 5.473269939 1.112062931 -0.571697414 -0.597441018 -0.374742836 0.419278234
1403636635863555584.000000 -0.228004724 5.629257679 1.153116345 -0.573074102 -0.587141037 -0.375798076 0.430845022
1403636635963555584.000000 -0.200053841 5.708023548 1.182219148 -0.577497482 -0.586599886 -0.370702744 0.430089265
1403636636063555584.000000 -0.167764023 5.787832260 1.210383415 -0.578880608 -0.592866600 -0.369820416 0.420284837
1403636636463555584.000000 -0.027119838 6.115812302 1.343029499 -0.554150760 -0.586599469 -0.405080110 0.429800183
1403636636863555584.000000 0.087475695 6.377886772 1.401345611 -0.538589180 -0.599825740 -0.425799608 0.410883874
1403636637263555584.000000 0.124280989 6.563848019 1.353300571 -0.559125543 -0.599315584 -0.390875190 0.418826908
1403636637513555456.000000 0.131348163 6.671195507 1.345946789 -0.560713053 -0.604001045 -0.384840667 0.415549457
1403636637663555584.000000 0.132884830 6.733509064 1.362059951 -0.561913848 -0.604872048 -0.381095201 0.416111767
1403636638113555456.000000 0.131821856 6.954820633 1.455243707 -0.553598523 -0.600255966 -0.388751417 0.426724613
1403636638413555456.000000 0.129117146 7.093691826 1.415887952 -0.564161837 -0.602374315 -0.372165978 0.424687088
1403636638563555584.000000 0.132362738 7.163475990 1.382173061 -0.577520728 -0.607530951 -0.352059811 0.416449308
1403636638713555456.000000 0.144025743 7.243842125 1.369948745 -0.571405411 -0.611687958 -0.360267103 0.411754131
1403636639163555584.000000 0.198431045 7.535901546 1.414391518 -0.570716977 -0.594926298 -0.359218240 0.437386781
1403636639313555456.000000 0.231730491 7.643525124 1.395979285 -0.571202934 -0.595396936 -0.358574718 0.436639309
1403636639463555584.000000 0.276165813 7.754505634 1.360498428 -0.563272297 -0.604123235 -0.370050550 0.425231844
1403636639613555456.000000 0.324037075 7.867321491 1.316285610 -0.552413166 -0.610437989 -0.385184884 0.416938573
1403636640613555456.000000 0.560777605 8.493679047 1.263150334 -0.525035918 -0.622607350 -0.374197066 0.443479508
1403636640813555456.000000 0.597575545 8.591162682 1.242810488 -0.524321914 -0.625522316 -0.371201038 0.442739487
1403636641613555456.000000 0.715616226 8.899388313 1.173614860 -0.529224873 -0.620347440 -0.369109631 0.445924073
1403636641813555456.000000 0.747344792 8.950980186 1.171632648 -0.527717888 -0.621223330 -0.372400254 0.443749487
1403636643263555584.000000 0.951420069 9.211449623 1.179707050 -0.570272982 -0.586588442 -0.391221315 0.421483725
1403636643713555456.000000 1.025411010 9.309571266 1.201662898 -0.577109754 -0.600203037 -0.375362456 0.407190144
1403636644013555456.000000 1.082167745 9.416161537 1.246200681 -0.578935683 -0.607787848 -0.370163500 0.398003072
1403636644463555584.000000 1.165946364 9.665500641 1.225345254 -0.575557709 -0.579840481 -0.377070338 0.436275572
1403636644613555456.000000 1.206733823 9.755517960 1.185794592 -0.576164663 -0.571385622 -0.375910461 0.447486430
1403636645063555584.000000 1.380985737 9.983724594 1.013440609 -0.573424757 -0.595366418 -0.385691971 0.409834832
1403636645213555456.000000 1.437271953 10.053632736 0.974871337 -0.586979032 -0.605902791 -0.367093951 0.391892225
1403636645963555584.000000 1.696251392 10.639057159 0.904096544 -0.580403566 -0.593868732 -0.381851435 0.405760169
1403636646263555584.000000 1.804371834 10.924310684 0.959209204 -0.607321501 -0.549221694 -0.403548986 0.408245534
1403636646563555584.000000 1.945315957 11.184472084 0.980042815 -0.635670304 -0.494323611 -0.451397806 0.384457380
1403636646713555456.000000 2.020312786 11.295557976 0.997146487 -0.645291507 -0.485783488 -0.460038096 0.368752390
1403636647313555456.000000 2.301535845 11.649840355 1.118447900 -0.657816708 -0.483792841 -0.456446469 0.353381425
1403636647613555456.000000 2.436399221 11.792399406 1.127385378 -0.650492489 -0.476102918 -0.459704727 0.372635365
1403636647763555584.000000 2.509031534 11.850801468 1.137310863 -0.652236819 -0.476233125 -0.460396379 0.368543684
1403636647913555456.000000 2.585858345 11.900284767 1.148772120 -0.656766295 -0.473373532 -0.463694483 0.359948605
1403636648363555584.000000 2.827426672 11.983253479 1.085890412 -0.703439832 -0.402866453 -0.497475266 0.308851689
1403636649113555456.000000 3.200410843 11.982768059 1.020068169 -0.752435565 -0.338690072 -0.511880219 0.238973588
1403636649863555584.000000 3.545264721 11.986799240 1.306152701 -0.738272130 -0.326478541 -0.534293294 0.250792265
1403636650213555456.000000 3.667559624 11.938452721 1.360893130 -0.746385217 -0.303708166 -0.544752955 0.232195333
1403636650513555456.000000 3.747205734 11.856856346 1.337282300 -0.774765730 -0.246350318 -0.551739693 0.186099440
1403636651363555584.000000 3.872960567 11.596132278 1.340464592 -0.788007677 -0.206420138 -0.559245110 0.153882027
1403636651763555584.000000 3.886706829 11.471006393 1.368615031 -0.780302882 -0.208675355 -0.565291286 0.167414799
1403636652113555456.000000 3.878973722 11.315998077 1.332901835 -0.791775286 -0.153041467 -0.574452937 0.140264720
1403636652713555456.000000 3.820796728 10.960675240 1.204045177 -0.835196078 -0.032128572 -0.548130035 0.031125648
1403636653113555456.000000 3.865999460 10.748633385 1.230635881 -0.827560961 -0.030941358 -0.559927523 0.025818616
1403636653463555584.000000 3.944539070 10.584869385 1.215948582 -0.812110782 -0.044940282 -0.580873489 0.032285266
1403636653613555456.000000 3.970515966 10.521236420 1.233183146 -0.811425805 -0.049318321 -0.581216335 0.036654990
1403636654763555584.000000 3.943827391 10.066518784 1.290720940 0.819080532 -0.031385638 0.572660148 0.013509074
1403636654863555584.000000 3.930305719 10.029977798 1.296715856 0.819904804 -0.039077524 0.570800781 0.020384554
1403636655513555456.000000 3.811334848 9.813061714 1.245521188 0.799685240 -0.073537104 0.594662607 0.038368605
1403636655863555584.000000 3.670217991 9.694185257 1.201426148 0.813263893 -0.122902289 0.565644920 0.059520446
1403636656163555584.000000 3.551299810 9.572237968 1.125526547 0.806967676 -0.164518937 0.560327053 0.088149428
1403636656263555584.000000 3.511243582 9.527651787 1.119833112 0.807642996 -0.168823600 0.556774497 0.095987633
1403636656363555584.000000 3.473361015 9.481510162 1.124181032 0.808375239 -0.172223300 0.554144859 0.098955154
1403636656713555456.000000 3.370593548 9.304822922 1.180998445 0.801341355 -0.166180402 0.565383732 0.102846406
1403636656813555456.000000 3.343105555 9.252545357 1.189470291 0.794505894 -0.161783159 0.575911880 0.104461379
1403636657213555456.000000 3.204331398 9.059038162 1.159225702 0.787937939 -0.158162400 0.587572694 0.094322361
1403636657313555456.000000 3.157635212 9.014017105 1.150524497 0.791226566 -0.159593135 0.583198369 0.091489471
1403636657713555456.000000 2.950598478 8.819226265 1.112775922 0.803967357 -0.167555168 0.564504206 0.083046861
1403636657913555456.000000 2.849599600 8.703631401 1.074776769 0.804076016 -0.179876760 0.561283886 0.077888481
1403636658063555584.000000 2.773417711 8.603925705 1.056014419 0.806461632 -0.182762265 0.556571126 0.080287702
1403636658363555584.000000 2.623123884 8.378190994 1.048109531 0.808932662 -0.171783343 0.552289784 0.105330758
1403636658463555584.000000 2.578112125 8.301374435 1.039067268 0.810188770 -0.169762522 0.550165057 0.109969273
1403636658563555584.000000 2.536491871 8.225191116 1.027758360 0.811041057 -0.165617689 0.548706055 0.117067970
1403636658663555584.000000 2.498765230 8.151274681 1.014012218 0.811227679 -0.162696376 0.548238277 0.121960469
1403636658763555584.000000 2.464860201 8.080774307 0.997681558 0.809746981 -0.159975603 0.550227523 0.126361743
1403636658963555584.000000 2.408121586 7.953467846 0.958060145 0.801847100 -0.159304559 0.561328411 0.128738835
1403636659163555584.000000 2.356863499 7.845799923 0.904329300 0.794121444 -0.163789913 0.572292864 0.122576557
1403636659263555584.000000 2.329037428 7.798470020 0.874132156 0.793083847 -0.164455369 0.573794365 0.121377975
1403636659363555584.000000 2.299760342 7.755144119 0.848130703 0.796502352 -0.165039226 0.569094002 0.120325074
1403636659663555584.000000 2.216822147 7.637986660 0.802199960 0.801633239 -0.164911568 0.561488032 0.122145653
1403636659863555584.000000 2.166684151 7.575093269 0.758917391 0.798665106 -0.166791916 0.564588785 0.124716282
1403636659963555584.000000 2.141467810 7.549141884 0.728192687 0.801800370 -0.168451935 0.559496224 0.125316024
1403636660263555584.000000 2.076534986 7.485645294 0.616555452 0.812841654 -0.172931716 0.542143822 0.124351315
1403636660563555584.000000 2.059604645 7.432156086 0.528768420 0.822339952 -0.173777267 0.527456045 0.123890013
1403636660663555584.000000 2.070419550 7.414929867 0.503667355 0.814078569 -0.169863671 0.540327728 0.128329381
1403636660963555584.000000 2.122439861 7.386535168 0.396106213 0.798861384 -0.155491501 0.562443078 0.145947903
1403636661263555584.000000 2.180485725 7.411894798 0.257125616 0.793993056 -0.165549740 0.570016801 0.131336495
1403636661463555584.000000 2.208453894 7.451528549 0.188997447 0.792936742 -0.166819856 0.571602046 0.129203618
1403636661763555584.000000 2.235463381 7.532732487 0.144019052 0.792502642 -0.172218591 0.572828710 0.118943579
1403636661963555584.000000 2.238850117 7.593433857 0.149330169 0.789499700 -0.176577151 0.577517331 0.109473519
1403636662263555584.000000 2.215451002 7.677871704 0.190145805 0.793180406 -0.167928159 0.572540879 0.121910036
1403636662813555456.000000 2.149774075 7.859072685 0.153949782 0.800160050 -0.190584823 0.559868336 0.099843457
1403636663213555456.000000 2.118195772 7.938380241 0.080854371 0.810247958 -0.200354606 0.543280184 0.090570554
1403636663663555584.000000 2.146163702 7.932925224 -0.022372996 0.827668428 -0.172859058 0.517947018 0.129675463
1403636663863555584.000000 2.213969707 7.929800510 -0.075334638 0.824963272 -0.156090200 0.522684693 0.147892982
1403636663963555584.000000 2.264081001 7.934714317 -0.091019183 0.819805145 -0.148079112 0.531013966 0.154972494
1403636664063555584.000000 2.321991682 7.947899342 -0.099315867 0.814019680 -0.142485410 0.540269971 0.158676386
1403636664463555584.000000 2.592190504 8.081607819 -0.137687862 0.799049377 -0.147340328 0.568357468 0.129540592
1403636664763555584.000000 2.781860590 8.232535362 -0.221433997 0.798306644 -0.146225616 0.573903859 0.109357171
1403636664913555456.000000 2.866707563 8.315582275 -0.239699572 0.800928175 -0.140591994 0.571872652 0.108211666
1403636665013555456.000000 2.922178984 8.373441696 -0.244220093 0.805361331 -0.140281454 0.566481769 0.103983372
1403636665363555584.000000 3.107613564 8.580372810 -0.212732777 0.806355476 -0.146734819 0.566390812 0.086379185
1403636665463555584.000000 3.162145138 8.634624481 -0.198664501 0.806992948 -0.142770082 0.565500259 0.092674308
1403636665963555584.000000 3.420019388 8.925213814 -0.122130126 0.799186230 -0.149685219 0.574087799 0.096534565
1403636666113555456.000000 3.492863894 9.017636299 -0.107759334 0.798099637 -0.154999077 0.575034082 0.091368541
1403636666413555456.000000 3.618645191 9.191498756 -0.113888949 0.795090258 -0.154232398 0.579418123 0.091206402
1403636667163555584.000000 3.831860065 9.554347038 -0.069610730 0.811365128 -0.149707139 0.559210360 0.080983602
1403636667913555456.000000 4.069575787 9.822226524 -0.116375186 0.813108861 -0.147215381 0.557346284 0.080912411
1403636668363555584.000000 4.235794067 9.947552681 -0.162444770 0.814823866 -0.144874632 0.552151084 0.101008140
1403636668663555584.000000 4.369456291 10.030491829 -0.229344621 0.811659038 -0.148491979 0.554468930 0.108277716
1403636669113555456.000000 4.597753048 10.206011772 -0.291124374 0.798742294 -0.144864395 0.571625292 0.119455934
1403636669263555584.000000 4.666733265 10.287440300 -0.294837445 0.796405911 -0.148603424 0.574564219 0.116321653
1403636669413555456.000000 4.729432106 10.375059128 -0.311501652 0.795964956 -0.149448067 0.574923873 0.116480179
1403636669563555584.000000 4.785991192 10.468397141 -0.337302715 0.790513575 -0.148314431 0.582598448 0.116919160
1403636669863555584.000000 4.868007183 10.677492142 -0.373202860 0.777786076 -0.157601699 0.600756466 0.096447408
1403636670163555584.000000 4.874483109 10.876236916 -0.353618801 0.784975171 -0.180657431 0.590268075 0.052540444
1403636670313555456.000000 4.849551678 10.945341110 -0.333657742 0.775817752 -0.184397131 0.602676451 0.029760296
1403636670463555584.000000 4.801568985 10.987593651 -0.326218247 0.777930617 -0.179464117 0.602101147 0.009539120
1403636670863555584.000000 4.560212612 10.913503647 -0.256688327 0.788519502 -0.115499236 0.601811111 -0.052157771
1403636672863555584.000000 3.302986860 8.752958298 0.250356168 -0.815937579 -0.124970056 -0.559952021 0.071289599
1403636673613555456.000000 3.362548351 8.677626610 0.217061415 -0.819346964 -0.195443690 -0.529120147 0.102490686
1403636673963555584.000000 3.469669580 8.781956673 0.211508691 -0.799326062 -0.197972909 -0.556776524 0.109016486
1403636676113555456.000000 4.308791161 10.013188362 -0.145787492 -0.760335743 -0.300714940 -0.524696469 0.236967921
1403636676863555584.000000 4.557018757 10.616306305 -0.266100109 -0.706663370 -0.422415286 -0.481836885 0.300042570
1403636679463555584.000000 4.682941914 12.015146255 -0.294933975 -0.428305507 -0.686244428 -0.305979103 0.501995802
1403636679813555456.000000 4.630991936 12.059183121 -0.241070911 -0.390141428 -0.711753964 -0.277316123 0.514093280
1403636680113555456.000000 4.605177402 12.070371628 -0.127854764 -0.364360690 -0.717631161 -0.305772096 0.508675158
1403636680463555584.000000 4.549181938 12.000018120 -0.024056312 -0.360499173 -0.722934008 -0.322631031 0.493270814
1403636680613555456.000000 4.504262447 11.939768791 -0.002667161 -0.366960466 -0.722975135 -0.320374221 0.489905447
1403636681363555584.000000 4.141016483 11.552636147 -0.027001642 -0.397914231 -0.716031909 -0.286397994 0.496929437
1403636681513555456.000000 4.059447289 11.487803459 -0.022127755 -0.395855397 -0.710166454 -0.286708891 0.506715178
1403636682113555456.000000 3.732680082 11.190971375 0.002175724 -0.387706906 -0.712089360 -0.283233196 0.512241185
1403636682463555584.000000 3.548112631 10.990595818 0.040110603 -0.397395611 -0.720103025 -0.269859731 0.500703514
1403636682963555584.000000 3.288812876 10.718770981 0.053564452 -0.390268296 -0.707836986 -0.293187737 0.510586441
1403636683163555584.000000 3.185877800 10.594028473 0.073871687 -0.390111208 -0.708651423 -0.293366104 0.509473026
1403636683463555584.000000 3.029853344 10.388723373 0.060358793 -0.392567605 -0.709898174 -0.282564253 0.511949897
1403636684213555456.000000 2.667459249 9.881179810 0.037748806 -0.388842732 -0.716452539 -0.270012140 0.512436032
1403636684363555584.000000 2.600039482 9.786808014 0.068483308 -0.385297656 -0.714626014 -0.270831674 0.517209411
1403636684663555584.000000 2.477211237 9.594663620 0.089466855 -0.386059314 -0.710559189 -0.264870822 0.525268853
1403636684963555584.000000 2.385300636 9.397210121 0.058959201 -0.380504876 -0.713370800 -0.272467971 0.521612227
1403636687113555456.000000 1.747709274 7.943192005 0.018078834 -0.395358890 -0.714999557 -0.266739637 0.511191785
1403636689113555456.000000 1.333823800 6.940096378 -0.344726831 -0.372221261 -0.732034445 -0.257448614 0.509212196
1403636689263555584.000000 1.285266757 6.864598751 -0.346953988 -0.369354963 -0.736151814 -0.247410268 0.510338724
1403636689413555456.000000 1.234636307 6.797913551 -0.331055194 -0.365335613 -0.738961935 -0.243112147 0.511235476
1403636689563555584.000000 1.183483124 6.737728119 -0.297463447 -0.364333808 -0.740657389 -0.238811433 0.511523962
1403636689713555456.000000 1.134015203 6.682191849 -0.256841570 -0.370252788 -0.743200421 -0.228767350 0.508164883
1403636689863555584.000000 1.083010077 6.639958382 -0.225835308 -0.379901707 -0.741750538 -0.217129305 0.508267462
1403636690163555584.000000 0.989813447 6.613157749 -0.188037425 -0.381034851 -0.738832355 -0.223227769 0.509027183
1403636690313555456.000000 0.948442817 6.625208378 -0.166861668 -0.376788765 -0.741425157 -0.231685176 0.504619658
1403636690463555584.000000 0.904327452 6.650860786 -0.135935396 -0.376149237 -0.740483820 -0.234294668 0.505273640
1403636690613555456.000000 0.858467698 6.686701775 -0.112077579 -0.382661223 -0.734267890 -0.225518093 0.513383687
1403636690913555456.000000 0.787392616 6.794543266 -0.127178088 -0.396649003 -0.708155394 -0.204284012 0.547223687
1403636691063555584.000000 0.783283234 6.868538857 -0.149598047 -0.391542196 -0.691017389 -0.209536150 0.570337057
1403636691213555456.000000 0.816711247 6.947356224 -0.152914464 -0.377103508 -0.687409520 -0.227423400 0.577528894
1403636691363555584.000000 0.887188256 7.016364098 -0.140718073 -0.358059943 -0.697441936 -0.252351493 0.567174196
1403636691513555456.000000 0.977408111 7.071636200 -0.116150349 -0.359171599 -0.714986801 -0.245011091 0.547502697
1403636691863555584.000000 1.213003874 7.183509350 -0.009743541 -0.350907803 -0.733620346 -0.248666972 0.526146114
1403636692013555456.000000 1.313841701 7.223930836 0.021274675 -0.352359712 -0.726573646 -0.246309102 0.535971284
1403636692163555584.000000 1.416350961 7.260930061 0.050734799 -0.350656509 -0.728083789 -0.250316769 0.533175111
1403636692363555584.000000 1.553157568 7.300344944 0.111863486 -0.352960289 -0.730353951 -0.249469414 0.528930187
1403636692663555584.000000 1.751902819 7.340819836 0.253337324 -0.353800327 -0.732428730 -0.254281521 0.523177207
1403636693163555584.000000 2.008158684 7.368696213 0.466808915 -0.350700527 -0.742975414 -0.261780739 0.506426215
1403636693513555456.000000 2.101829767 7.373719215 0.535223544 -0.367017835 -0.751764417 -0.233709276 0.495508075
1403636693663555584.000000 2.126893520 7.388141632 0.551072538 -0.370732456 -0.758325279 -0.226431876 0.486033678
1403636693863555584.000000 2.140480280 7.432347775 0.568875313 -0.363977015 -0.749542952 -0.234464705 0.500731945
1403636694263555584.000000 2.138761044 7.550542355 0.583370447 -0.351933569 -0.731047034 -0.248164833 0.529270530
1403636694513555456.000000 2.142490387 7.612201691 0.610641301 -0.355142534 -0.737200022 -0.243529737 0.520675778
1403636694963555584.000000 2.143691063 7.720428944 0.591854453 -0.366051555 -0.729507089 -0.234028518 0.528257906
1403636695363555584.000000 2.168837070 7.827543259 0.574172020 -0.363009632 -0.731534600 -0.249146312 0.520583689
1403636695763555584.000000 2.197758675 7.925878525 0.602606952 -0.361266762 -0.730399370 -0.259308517 0.518422902
1403636696563555584.000000 2.199026823 8.050931931 0.506040335 -0.365146428 -0.719834805 -0.264299214 0.527874827
1403636697063555584.000000 2.204365969 8.049617767 0.481733739 -0.356646121 -0.728749096 -0.278468788 0.513987839
1403636700013555456.000000 1.447231650 7.299796104 0.411773026 -0.701995730 -0.424971282 -0.471256077 0.323294342
1403636701413555456.000000 1.666916370 7.047108173 0.096844122 -0.731595516 -0.389775336 -0.487295926 0.274564773
1403636701913555456.000000 1.809889793 7.007298946 0.118880957 -0.726063251 -0.378998518 -0.502070844 0.277699709
1403636702163555584.000000 1.883675337 6.980865479 0.084932715 -0.745260656 -0.338359118 -0.514935791 0.254834831
1403636703613555456.000000 2.376841545 7.021867752 -0.312406480 -0.761926830 -0.303272486 -0.528855622 0.218643621
1403636704613555456.000000 2.779880762 7.089050770 -0.380413860 -0.768153071 -0.318830222 -0.511572838 0.215827346
1403636704863555584.000000 2.894905567 7.133493900 -0.395290196 -0.774972439 -0.325627506 -0.499718368 0.208964363
1403636705113555456.000000 3.028575420 7.215288639 -0.441364616 -0.774721086 -0.330554187 -0.497701943 0.206963897
1403636705363555584.000000 3.178817034 7.338079453 -0.475203961 -0.756320894 -0.326407433 -0.523842633 0.216854185
1403636705613555456.000000 3.323852539 7.481543541 -0.497247368 -0.763696253 -0.327924818 -0.513571978 0.213253707
1403636705863555584.000000 3.470740318 7.646728039 -0.542605460 -0.759630620 -0.321702003 -0.519995213 0.221526846
1403636706063555584.000000 3.589095592 7.784919262 -0.558993638 -0.757852614 -0.307122618 -0.520708621 0.245352179
1403636706313555456.000000 3.744613409 7.936820507 -0.573782384 -0.751072228 -0.318115205 -0.528331459 0.235710099
1403636706563555584.000000 3.893853426 8.075318336 -0.619482875 -0.751852274 -0.331573367 -0.525899053 0.219561905
1403636706813555456.000000 4.032730579 8.225011826 -0.631504536 -0.757786810 -0.332786322 -0.518394172 0.215127602
1403636707013555456.000000 4.140878201 8.358841896 -0.620253026 -0.759366035 -0.328687519 -0.519234478 0.213830352
1403636707463555584.000000 4.374281406 8.700102806 -0.556696892 -0.761938930 -0.320824206 -0.523795128 0.205328166
1403636707663555584.000000 4.467724800 8.868835449 -0.496869206 -0.767257571 -0.313753545 -0.517329395 0.212708026
1403636707863555584.000000 4.564808369 9.043866158 -0.471916020 -0.769241512 -0.308574319 -0.513619959 0.221909776
1403636708313555456.000000 4.813172817 9.441948891 -0.538172066 -0.758088946 -0.311435610 -0.522593558 0.234957322
1403636708713555456.000000 5.047916412 9.746672630 -0.602237940 -0.752373099 -0.308648348 -0.530860543 0.238449261
1403636709313555456.000000 5.342018604 10.111818314 -0.652229369 -0.750937641 -0.310861766 -0.544375837 0.207636058
1403636709513555456.000000 5.397582531 10.231401443 -0.647978902 -0.754452527 -0.313199580 -0.539934695 0.202923700
1403636710313555456.000000 5.466541767 10.779955864 -0.712486565 -0.750547171 -0.319734752 -0.535799325 0.217641398
1403636710913555456.000000 5.427637577 11.188730240 -0.866323233 -0.722598732 -0.373939157 -0.512200415 0.275084198
1403636711313555456.000000 5.391633034 11.404966354 -0.895887494 -0.698463440 -0.414280891 -0.510481060 0.282717764
1403636711513555456.000000 5.348041534 11.500605583 -0.887904644 -0.690389156 -0.404297352 -0.520309925 0.298636973
1403636711963555584.000000 5.178541183 11.653480530 -0.847176909 -0.700974345 -0.394913405 -0.513764739 0.297866017
1403636712213555456.000000 5.058163643 11.696448326 -0.796958327 -0.706748188 -0.390576750 -0.504221141 0.306133777
1403636712613555456.000000 4.857126236 11.718345642 -0.660756290 -0.672827542 -0.435329080 -0.507791102 0.316132575
1403636713013555456.000000 4.613050938 11.670170784 -0.567195475 -0.666951835 -0.447399497 -0.496729970 0.329041600
1403636713463555584.000000 4.308320999 11.524267197 -0.433350414 -0.674205184 -0.447319746 -0.484710872 0.332276791
1403636713663555584.000000 4.174838543 11.442031860 -0.349824965 -0.681758881 -0.441802680 -0.476474613 0.336135656
1403636714063555584.000000 3.946208000 11.252722740 -0.249468118 -0.686892986 -0.439314425 -0.477391481 0.327533692
1403636714313555456.000000 3.826613665 11.122433662 -0.223491400 -0.688940167 -0.433382481 -0.479983121 0.327348918
1403636714513555456.000000 3.738932848 11.013560295 -0.220969573 -0.695215642 -0.438451946 -0.469978750 0.321799695
1403636716413555456.000000 3.356005192 10.380916595 -0.033415467 -0.626092613 -0.521786332 -0.435524106 0.382185698
1403636716713555456.000000 3.335245848 10.248116493 -0.042496197 -0.620226204 -0.528255820 -0.436035186 0.382280856
1403636716963555584.000000 3.311702967 10.132815361 -0.071317427 -0.598156452 -0.554036140 -0.418293983 0.400353611
1403636717563555584.000000 3.251832247 9.847098351 -0.041287065 -0.540274620 -0.610709727 -0.401057631 0.417480290
1403636717863555584.000000 3.183803797 9.697697639 -0.068212986 -0.536348939 -0.614665449 -0.396863520 0.420732290
1403636718163555584.000000 3.067217588 9.541876793 -0.066378608 -0.508850813 -0.638266265 -0.372614503 0.441413015
1403636718713555456.000000 2.799592733 9.248198509 -0.135713473 -0.474358201 -0.666984379 -0.307555616 0.485309839
1403636719213555456.000000 2.607943058 9.027962685 -0.213421687 -0.445664346 -0.677294374 -0.321183801 0.489384025
1403636721013555456.000000 2.244434595 8.223084450 -0.334822893 -0.486117989 -0.656634033 -0.326972544 0.474984199
1403636721913555456.000000 2.285964012 7.946069241 -0.369762272 -0.541123986 -0.607572794 -0.379247189 0.440694720
1403636722413555456.000000 2.304697752 7.772905350 -0.377566963 -0.538107991 -0.611759067 -0.378533900 0.439207017
1403636722713555456.000000 2.306476593 7.666465282 -0.391833693 -0.544337571 -0.606025517 -0.385806054 0.433109045
1403636723263555584.000000 2.284729481 7.463291645 -0.372471422 -0.548389077 -0.603013694 -0.384572893 0.433298469
1403636724563555584.000000 2.180410624 6.964332581 -0.392339289 -0.627465606 -0.522339404 -0.441199720 0.372547001
1403636725813555456.000000 2.053538084 6.644499779 -0.059648477 -0.636167169 -0.515218973 -0.440692902 0.368280470
1403636727313555456.000000 2.035854578 6.365406513 0.152763158 -0.614145339 -0.532944858 -0.444587708 0.375682086
1403636728513555456.000000 1.848731041 6.017247677 0.459720492 -0.623243093 -0.521253765 -0.433275700 0.390044600
1403636728863555584.000000 1.763329506 5.895496368 0.479597479 -0.600319624 -0.548042417 -0.428714722 0.394296348
1403636729163555584.000000 1.690590382 5.779330254 0.512611985 -0.577880323 -0.566452444 -0.423275471 0.407460302
1403636729463555584.000000 1.607854366 5.647692680 0.509253323 -0.575222015 -0.571248770 -0.416396171 0.411593020
1403636730013555456.000000 1.444239259 5.370504856 0.564595759 -0.582832396 -0.574839473 -0.406323552 0.405915171
1403636730613555456.000000 1.261033773 5.091423988 0.538663387 -0.589600086 -0.582949162 -0.392662376 0.397942662
1403636730913555456.000000 1.173125744 5.005009174 0.589824915 -0.594131529 -0.582899511 -0.385819197 0.397969306
1403636731213555456.000000 1.101198673 4.957876682 0.631797791 -0.594812810 -0.562609076 -0.387786984 0.423426419
1403636732513555456.000000 1.081005454 4.778123379 0.448423713 -0.567244112 -0.576290250 -0.424504876 0.407331824
1403636734413555456.000000 0.637015402 3.936634302 0.675117195 -0.574715734 -0.579414666 -0.403181314 0.414035380
1403636737313555456.000000 -0.155800313 3.173559904 0.960686743 -0.537730575 -0.613657773 -0.376930416 0.438398659
1403636737913555456.000000 -0.342325330 3.064511299 1.001941919 -0.547679126 -0.615603507 -0.354562551 0.442001671
1403636738313555456.000000 -0.405002892 3.029506207 1.129758954 -0.546145022 -0.613623500 -0.364669740 0.438415140
1403636740363555584.000000 -0.131317824 3.045224428 0.873008966 -0.693890929 -0.430562496 -0.489865512 0.305226326
1403636741163555584.000000 -0.011621602 3.022826433 0.626176238 -0.684097946 -0.437146574 -0.498680562 0.303694844
1403636741413555456.000000 0.003774844 2.997945070 0.503403485 -0.702474415 -0.416862726 -0.488503039 0.306789905
1403636741913555456.000000 0.044146333 2.953641891 0.352167875 -0.707301497 -0.421396822 -0.485681981 0.293704420
1403636742163555584.000000 0.069184184 2.950474262 0.280078590 -0.706774890 -0.433696061 -0.478919864 0.288119316
1403636742513555456.000000 0.098813847 2.977500677 0.233785555 -0.700401187 -0.430277973 -0.479579836 0.307086825
1403636743313555456.000000 0.186497360 3.054797649 0.047841772 -0.724985123 -0.427908719 -0.456458092 0.287987560
1403636743813555456.000000 0.317229539 3.195929050 -0.058736876 -0.711502612 -0.414080858 -0.486341894 0.292869717
1403636745963555584.000000 0.842525363 3.622435093 -0.990311205 -0.713687718 -0.384347111 -0.518023431 0.273091465
1403636746213555456.000000 0.854833364 3.643679380 -0.936951756 -0.715561926 -0.379867613 -0.525981665 0.258872777
1403636746563555584.000000 0.802071154 3.670106649 -0.862330139 -0.717320561 -0.371073186 -0.525038123 0.268497616
1403636746863555584.000000 0.723371446 3.691668510 -0.869255364 -0.744298160 -0.374899536 -0.477984309 0.277491748
1403636747163555584.000000 0.690294921 3.733916521 -0.852063835 -0.729742885 -0.380272090 -0.495497912 0.278119326
1403636747413555456.000000 0.680022776 3.786267757 -0.787100315 -0.721811652 -0.383024514 -0.509104788 0.270356238
1403636747663555584.000000 0.659278452 3.846199751 -0.734370291 -0.726865709 -0.378886759 -0.506905973 0.266753554
1403636747963555584.000000 0.622917116 3.930193186 -0.634230196 -0.733644307 -0.362850726 -0.503549635 0.276664376
1403636748663555584.000000 0.599084854 4.105648518 -0.455919832 -0.731873035 -0.363689274 -0.510812938 0.266762644
1403636749163555584.000000 0.617396772 4.203458309 -0.349625587 -0.741392314 -0.337774962 -0.505265117 0.284521818
1403636750113555456.000000 0.700307369 4.228383064 -0.155021921 -0.718557537 -0.356609166 -0.532330096 0.270425111
1403636750613555456.000000 0.633141935 4.174990654 -0.035530102 -0.721914411 -0.372863948 -0.515036404 0.273037761
1403636751113555456.000000 0.538806200 4.111718655 0.246982813 -0.721705079 -0.384093821 -0.510437787 0.266583920
1403636751613555456.000000 0.431098729 4.086151600 0.474511832 -0.730819702 -0.369546622 -0.497197449 0.286588013
1403636752113555456.000000 0.404402137 4.067882061 0.653838456 -0.728631496 -0.397009403 -0.485103935 0.275959879
1403636752513555456.000000 0.425375938 4.086750507 0.805472136 -0.693699181 -0.424655348 -0.491389990 0.311424494
1403636752863555584.000000 0.433312088 4.094680786 0.920648336 -0.659446299 -0.484249651 -0.462141722 0.342137277
1403636753213555456.000000 0.425336689 4.096911907 0.952261806 -0.606840253 -0.550018728 -0.437386513 0.371372432
1403636753813555456.000000 0.321538359 4.103432655 0.947768152 -0.563746989 -0.588124514 -0.404532492 0.415514737
1403636754163555584.000000 0.236956343 4.083218575 0.950159729 -0.564099610 -0.579056263 -0.414120913 0.418317348
1403636754663555584.000000 0.072025992 3.995737553 1.025736570 -0.551246047 -0.592883289 -0.410597801 0.419555455
1403636755563555584.000000 -0.352847159 3.665621042 1.067282438 -0.524069548 -0.637263834 -0.367307544 0.429337889
1403636756063555584.000000 -0.633553028 3.481353045 1.082177639 -0.523719013 -0.625451326 -0.373666406 0.441477716
1403636756413555456.000000 -0.839297414 3.357561111 1.124432206 -0.519821525 -0.625275731 -0.376771659 0.443687946
1403636756713555456.000000 -1.017681837 3.240816116 1.128805876 -0.517434716 -0.625188231 -0.375877053 0.447344929
1403636757263555584.000000 -1.335818410 2.969054937 1.178047538 -0.516173363 -0.626203775 -0.372142315 0.450493068
1403636757513555456.000000 -1.474292517 2.826581478 1.166846156 -0.514012277 -0.634327114 -0.371302515 0.442216039
1403636757763555584.000000 -1.623818874 2.683866978 1.178476095 -0.512656748 -0.655544758 -0.348532945 0.431241304
1403636758013555456.000000 -1.787992835 2.574865580 1.245314479 -0.505261898 -0.657963872 -0.341246367 0.441978484
1403636758263555584.000000 -1.954953551 2.490180016 1.303341269 -0.494872123 -0.646941423 -0.349085361 0.463365823
1403636758513555456.000000 -2.113132954 2.400307655 1.309976697 -0.511119306 -0.652732134 -0.325120538 0.454966515
1403636758763555584.000000 -2.253959656 2.340171099 1.297741652 -0.518865526 -0.650544345 -0.316653907 0.455303222
1403636759013555456.000000 -2.367221832 2.318864822 1.278346419 -0.502125323 -0.643470347 -0.342281640 0.465466976
1403636759263555584.000000 -2.460048437 2.296416283 1.237247825 -0.517533004 -0.625737309 -0.317457378 0.489727885
1403636759513555456.000000 -2.499767780 2.277191401 1.174609900 -0.503255248 -0.637127638 -0.337485105 0.476346940
1403636759763555584.000000 -2.508646727 2.249793053 1.122004390 -0.493644416 -0.644627392 -0.347526610 0.469037384
1403636760063555584.000000 -2.512265682 2.206717253 1.100707650 -0.501413226 -0.652920365 -0.337036818 0.456821680
1403636760313555456.000000 -2.515388966 2.178930759 1.073445916 -0.499056160 -0.647132158 -0.341632247 0.464166373
1403636760563555584.000000 -2.513846159 2.153319597 1.034137607 -0.494506806 -0.649050951 -0.347621083 0.461904109
1403636760813555456.000000 -2.515206814 2.121818781 0.996235549 -0.493637532 -0.657379448 -0.346963793 0.451431543
1403636761063555584.000000 -2.530387163 2.091165543 0.963249922 -0.493909240 -0.658495665 -0.344775885 0.451183736
1403636761313555456.000000 -2.560389757 2.068851471 0.930567205 -0.504438877 -0.669275582 -0.328005105 0.435917735
1403636761563555584.000000 -2.602531433 2.076150179 0.924591422 -0.494027168 -0.654902399 -0.344413549 0.456529796
1403636761813555456.000000 -2.645389795 2.085492611 0.931043804 -0.502272904 -0.640967250 -0.335045218 0.473949105
1403636762063555584.000000 -2.665497065 2.091438532 0.948030472 -0.493942440 -0.648022771 -0.349406928 0.462603807
1403636762263555584.000000 -2.680191994 2.090391636 0.964284241 -0.488922685 -0.662019908 -0.358273447 0.440822452
1403636762513555456.000000 -2.724347591 2.094185829 0.950531900 -0.510786116 -0.655775130 -0.328485250 0.448501945
1403636762713555456.000000 -2.759904861 2.112966776 0.906759620 -0.516012967 -0.633566439 -0.320349425 0.479270846
1403636762913555456.000000 -2.760028839 2.121375322 0.873954237 -0.491985977 -0.617574394 -0.355034649 0.500501990
1403636763113555456.000000 -2.728073120 2.094403505 0.854716957 -0.527253568 -0.610409319 -0.355261385 0.472433686
1403636763513555456.000000 -2.719867945 2.075783014 0.828244925 -0.537408292 -0.602263629 -0.354406029 0.472088128
1403636763663555584.000000 -2.717347860 2.065088749 0.818270385 -0.537286997 -0.602297366 -0.354585707 0.472048342
